(19, -25), (-14, 77), (91, 98), (-53, 95), (-77, -48), (86, 1), (53, 31)
(-26, 23), (23, 70), (8, 89), (-95, 60)
(-52, -70), (12, -8), (7, 15), (29, 15)
(-5, 15), (3, -59), (-95, -50), (-62, -81)
(80, -47), (90, 80), (82, -60), (60, -7), (-66, 67), (-82, -2), (94, 14)
(-84, 29), (61, -14), (55, -13), (8, 22), (-30, -67)
(-85, 41), (-68, 17), (-28, 32), (-11, 99)
(7, -21), (-33, -53), (-29, 31)
(-20, 62), (-3, 69), (0, -99)
(-75, -25), (-11, 52), (-37, 1), (-28, 30), (20, 47), (24, -75), (-81, -40)
(-6, -14), (-92, 94), (-11, -93), (37, -38), (13, -86)
(-27, -73), (59, 72), (-37, 57)
(53, -93), (-59, 82), (79, -75)
(52, 76), (59, 20), (23, -54), (12, 53), (63, -32)
(61, 6), (11, 80), (-13, -87)
(37, -60), (-73, -56), (71, 47), (-17, 67), (-90, -34), (-48, -25), (11, 6)
(-5, 37), (-69, 78), (41, 90), (68, 10), (20, -37), (-9, 61), (2, -49)
(72, 19), (-72, -94), (-58, 84), (-29, 7), (-95, -89)
(55, -64), (-54, 1), (-12, 56)
(78, -90), (74, 48), (9, -29), (86, 68), (30, 7)
(-21, 86), (81, 16), (7, -7), (32, -53), (5, -37), (98, -76), (-71, -74)
(5, -66), (32, -37), (-82, 75), (35, -45), (24, -60), (28, -77), (-91, 56)
(-27, -46), (64, 26), (25, -75)
(-61, 29), (53, 68), (-59, -50), (-59, 79)
(44, 22), (43, 66), (51, -64), (-34, -12), (-95, 43), (30, -44), (-25, 78)
